19
-10000.000000,0.000000,5000.000000 
0.000000,0.000000,0.000000 

19
-10000.000000,0.000000,-5000.000000 
0.000000,0.000000,0.000000 

19
10000.000000,0.000000,5000.000000 
0.000000,3.141593,0.000000 

19
10000.000000,0.000000,-5000.000000 
0.000000,3.141593,0.000000 

18
5000.000000,0.000000,10000.000000 
0.000000,1.570796,0.000000 

18
-5000.000000,0.000000,10000.000000 
0.000000,1.570796,0.000000 

18
5000.000000,0.000000,-10000.000000 
0.000000,-1.570796,0.000000 

18
-5000.000000,0.000000,-10000.000000 
0.000000,-1.570796,0.000000 

16
5180.000000,0.000000,-4100.000000 
0.000000,1.570796,0.000000 

17
6480.000000,0.000000,-2800.000000 
0.000000,0.000000,0.000000 

16
7780.000000,0.000000,-1500.000000 
0.000000,1.570796,0.000000 

17
7780.000000,0.000000,-1500.000000 
0.000000,0.000000,0.000000 

17
7780.000000,0.000000,0.000000 
0.000000,0.000000,0.000000 

17
7780.000000,0.000000,1500.000000 
0.000000,0.000000,0.000000 

17
7780.000000,0.000000,3000.000000 
0.000000,0.000000,0.000000 

16
6480.000000,0.000000,4300.000000 
0.000000,1.570796,0.000000 

16
2280.000000,0.000000,4300.000000 
0.000000,1.570796,0.000000 

16
-80.000000,0.000000,4300.000000 
0.000000,1.570796,0.000000 

16
-2380.000000,0.000000,4300.000000 
0.000000,1.570796,0.000000 

20
370.000000,0.000000,638.000000 
0.000000,0.000000,0.000000 

20
-370.000000,0.000000,638.000000 
0.000000,0.000000,0.000000 

20
370.000000,0.000000,-638.000000 
0.000000,0.000000,0.000000 

20
-370.000000,0.000000,-638.000000 
0.000000,0.000000,0.000000 

20
370.000000,0.000000,178.000000 
0.000000,0.000000,0.000000 

20
-370.000000,0.000000,178.000000 
0.000000,0.000000,0.000000 

20
370.000000,0.000000,-178.000000 
0.000000,0.000000,0.000000 

20
-370.000000,0.000000,-178.000000 
0.000000,0.000000,0.000000 

21
600.000000,0.000000,400.000000 
0.000000,1.570796,0.000000 

21
-600.000000,0.000000,400.000000 
0.000000,1.570796,0.000000 

21
600.000000,0.000000,-400.000000 
0.000000,1.570796,0.000000 

21
-600.000000,0.000000,-400.000000 
0.000000,1.570796,0.000000 

21
3560.500000,0.000000,4002.947998 
0.000000,1.570796,0.000000 

21
3560.500000,0.000000,3542.947998 
0.000000,1.570796,0.000000 

21
3560.500000,0.000000,3082.947998 
0.000000,1.570796,0.000000 

21
3560.500000,0.000000,2622.947998 
0.000000,1.570796,0.000000 

21
3560.500000,0.000000,2162.947998 
0.000000,1.570796,0.000000 

21
3560.500000,0.000000,1702.947998 
0.000000,1.570796,0.000000 

21
5200.500000,0.000000,4002.947998 
0.000000,1.570796,0.000000 

21
5200.500000,0.000000,3542.947998 
0.000000,1.570796,0.000000 

21
5200.500000,0.000000,3082.947998 
0.000000,1.570796,0.000000 

21
5200.500000,0.000000,2622.947998 
0.000000,1.570796,0.000000 

21
5200.500000,0.000000,2162.947998 
0.000000,1.570796,0.000000 

21
5200.500000,0.000000,1702.947998 
0.000000,1.570796,0.000000 

21
5200.500000,0.000000,1242.947998 
0.000000,1.570796,0.000000 

21
5200.500000,0.000000,782.947998 
0.000000,1.570796,0.000000 

21
5200.500000,0.000000,322.947998 
0.000000,1.570796,0.000000 

21
5200.500000,0.000000,-138.947998 
0.000000,1.570796,0.000000 

21
5200.500000,0.000000,-598.947998 
0.000000,1.570796,0.000000 

21
5200.500000,0.000000,-1058.947998 
0.000000,1.570796,0.000000 

21
5200.500000,0.000000,-1518.947998 
0.000000,1.570796,0.000000 

21
5200.500000,0.000000,-1518.947998 
0.000000,1.570796,0.000000 

21
5200.500000,0.000000,-1978.947998 
0.000000,1.570796,0.000000 

20
3330.500000,0.000000,1460.947998 
0.000000,0.000000,0.000000 

20
3330.500000,0.000000,-270.947998 
0.000000,0.000000,0.000000 

21
3560.500000,0.000000,-508.947998 
0.000000,1.570796,0.000000 

21
3560.500000,0.000000,-968.947998 
0.000000,1.570796,0.000000 

21
3560.500000,0.000000,-1428.947998 
0.000000,1.570796,0.000000 

21
3560.500000,0.000000,-1888.947998 
0.000000,1.570796,0.000000 

21
5200.500000,0.000000,-2438.947998 
0.000000,1.570796,0.000000 

21
5200.500000,0.000000,-2898.947998 
0.000000,1.570796,0.000000 

21
5200.500000,0.000000,-3358.947998 
0.000000,1.570796,0.000000 

21
5200.500000,0.000000,-3818.947998 
0.000000,1.570796,0.000000 

20
3330.500000,0.000000,-2600.947998 
0.000000,0.000000,0.000000 

20
2870.500000,0.000000,-2600.947998 
0.000000,0.000000,0.000000 

20
2410.500000,0.000000,-2600.947998 
0.000000,0.000000,0.000000 

21
2178.500000,0.000000,-2838.947998 
0.000000,1.570796,0.000000 

21
2178.500000,0.000000,-2838.947998 
0.000000,1.570796,0.000000 

21
2178.500000,0.000000,-3298.947998 
0.000000,1.570796,0.000000 

21
2178.500000,0.000000,-3758.947998 
0.000000,1.570796,0.000000 

16
2625.674316,0.000000,-4121.750488 
0.000000,1.570796,0.000000 

16
67.346901,0.000000,-4120.621094 
0.000000,1.570796,0.000000 

16
-2461.904785,0.000000,-4114.819336 
0.000000,1.570796,0.000000 

17
-2888.010986,0.000000,-2755.820068 
0.000000,0.000000,0.000000 

17
-2888.010986,0.000000,-210.142151 
0.000000,0.000000,0.000000 

17
-2883.471924,0.000000,2236.173584 
0.000000,0.000000,0.000000 

15
-2877.239014,0.000000,3551.189941 
0.000000,0.000000,0.000000 

15
-2879.739014,0.000000,3970.082520 
0.000000,0.000000,0.000000 

21
599.007080,0.000000,-13.828369 
0.000000,1.570796,0.000000 

21
-596.101868,0.000000,-17.695068 
0.000000,1.570796,0.000000 

21
119.000015,0.000000,-901.521973 
0.000000,1.570796,0.000000 

21
-119.000015,0.000000,-901.521973 
0.000000,1.570796,0.000000 

21
-119.000015,0.000000,-1361.521973 
0.000000,1.570796,0.000000 

21
-119.000015,0.000000,-1821.521973 
0.000000,1.570796,0.000000 

21
-119.000015,0.000000,-2281.521973 
0.000000,1.570796,0.000000 

21
-119.000015,0.000000,-2741.521973 
0.000000,1.570796,0.000000 

20
-349.000000,0.000000,-2971.521973 
0.000000,0.000000,0.000000 

20
-809.000000,0.000000,-2971.521973 
0.000000,0.000000,0.000000 

20
-1269.000000,0.000000,-2971.521973 
0.000000,0.000000,0.000000 

20
-1729.000000,0.000000,-2971.521973 
0.000000,0.000000,0.000000 

20
351.000000,0.000000,-1901.521973 
0.000000,0.000000,0.000000 

20
351.000000,0.000000,-2671.521973 
0.000000,0.000000,0.000000 

21
121.000015,0.000000,-2901.521973 
0.000000,1.570796,0.000000 

21
121.000015,0.000000,-3361.521973 
0.000000,1.570796,0.000000 

21
121.000015,0.000000,-3821.521973 
0.000000,1.570796,0.000000 

21
121.000015,0.000000,-1341.521973 
0.000000,1.570796,0.000000 

21
121.000015,0.000000,-1571.521973 
0.000000,1.570796,0.000000 

21
121.000015,0.000000,-1671.521973 
0.000000,1.570796,0.000000 

20
0.000000,0.000000,638.000000 
0.000000,0.000000,0.000000 

20
-126.519684,0.000000,-2976.333008 
0.000000,0.000000,0.000000 

20
783.216187,0.000000,-2669.000000 
0.000000,0.000000,0.000000 

20
1243.216187,0.000000,-2669.000000 
0.000000,0.000000,0.000000 

20
1703.216187,0.000000,-2669.000000 
0.000000,0.000000,0.000000 

20
1933.216187,0.000000,-2669.000000 
0.000000,0.000000,0.000000 

20
783.216187,0.000000,-1900.000000 
0.000000,0.000000,0.000000 

20
1243.216187,0.000000,-1900.000000 
0.000000,0.000000,0.000000 

20
1703.216187,0.000000,-1900.000000 
0.000000,0.000000,0.000000 

20
2163.216309,0.000000,-1900.000000 
0.000000,0.000000,0.000000 

20
2163.216309,0.000000,-1900.000000 
0.000000,0.000000,0.000000 

20
2623.216309,0.000000,-1900.000000 
0.000000,0.000000,0.000000 

20
3083.216309,0.000000,-1900.000000 
0.000000,0.000000,0.000000 

20
3543.216309,0.000000,-1900.000000 
0.000000,0.000000,0.000000 

20
2870.500000,0.000000,1460.947998 
0.000000,0.000000,0.000000 

20
2870.500000,0.000000,-270.947998 
0.000000,0.000000,0.000000 

16
-4943.587402,0.000000,4300.935059 
0.000000,1.570796,0.000000 

16
8843.586914,0.000000,4300.935059 
0.000000,1.570796,0.000000 

16
-8843.586914,0.000000,4300.935059 
0.000000,1.570796,0.000000 

16
-7403.587402,0.000000,4300.935059 
0.000000,1.570796,0.000000 

13
2516.687256,0.000000,-2838.507324 
0.000000,0.000000,0.000000 

13
4786.588379,0.000000,-3641.798584 
0.000000,0.000000,0.000000 

13
4973.942871,0.000000,-2096.438965 
0.000000,0.000000,0.000000 

13
3691.242188,0.000000,-2057.186523 
0.000000,0.000000,0.000000 

13
4000.242188,0.000000,-3157.186523 
0.000000,0.000000,0.000000 

13
651.097168,0.000000,4540.177246 
0.000000,0.000000,0.000000 

13
-1025.933716,0.000000,5071.944824 
0.000000,0.000000,0.000000 

13
-2999.938232,0.000000,8543.524414 
0.000000,0.000000,0.000000 

13
-7323.484375,0.000000,7603.247070 
0.000000,0.000000,0.000000 

13
-8742.183594,0.000000,6139.481934 
0.000000,0.000000,0.000000 

13
6021.922852,0.000000,5152.118652 
0.000000,0.000000,0.000000 

13
7284.666992,0.000000,6232.857910 
0.000000,0.000000,0.000000 

13
7315.411133,0.000000,6897.642090 
0.000000,0.000000,0.000000 

13
8629.764648,0.000000,7695.645020 
0.000000,0.000000,0.000000 

13
5724.393555,0.000000,9421.051758 
0.000000,0.000000,0.000000 

20
0.000010,0.000000,175.564667 
0.000000,0.000000,0.000000 
